12by8
0,-1,
1,-1,
2,-1,
3,-1,
4,-1,
5,-1,
6,-1,
7,-1,
8,17,
9,-1,
10,-1,
11,-1,
12,-1,
13,-1,
14,-1,
15,-1,
16,-1,
17,25,18,
18,17,19,
19,20,18,
20,28,19,
21,-1,
22,-1,
23,-1,
24,-1,
25,17,33,
26,-1,
27,-1,
28,20,36,
29,-1,
30,-1,
31,-1,
32,-1,
33,41,25,
34,-1,
35,-1,
36,28,44,
37,-1,
38,-1,
39,-1,
40,-1,
41,33,49,
42,-1,
43,-1,
44,36,52,
45,-1,
46,-1,
47,-1,
48,-1,
49,41,50,57,
50,49,51,
51,50,52,
52,51,44,61,59,
53,-1,
54,-1,
55,-1,
56,-1,
57,66,49,
58,-1,
59,52,66,
60,-1,
61,52,70,
62,-1,
63,-1,
64,-1,
65,-1,
66,59,57,
67,-1,
68,-1,
69,-1,
70,61,79,
71,-1,
72,-1,
73,-1,
74,-1,
75,-1,
76,-1,
77,-1,
78,-1,
79,70,86,
80,-1,
81,-1,
82,-1,
83,-1,
84,-1,
85,-1,
86,70,
87,-1,
88,-1,
89,-1,
90,-1,
91,-1,
92,-1,
93,-1,
94,-1,
95,-1,
