12by8
0,8,1,
1,0,2,
2,1,3,
3,2,4,
4,3,5,12,
5,4,6,
6,5,7,14,
7,6,15,
8,0,16,
9,-1,
10,-1,
11,-1,
12,4,20,
13,-1,
14,6,22,
15,7,23,
16,8,25,
17,-1,
18,-1,
19,-1,
20,12,28,
21,-1,
22,31,14,
23,31,15,
24,-1,
25,16,34,
26,-1,
27,-1,
28,36,20,
29,-1,
30,-1,
31,39,22,23,
32,-1,
33,-1,
34,25,42,35,
35,34,42,36,
36,35,28,37,45,
37,36,45,
38,-1,5
39,31,47,
40,-1,
41,-1,
42,50,34,35,
43,-1,
44,-1,
45,36,37,46,54,53,
46,45,47,
47,46,39,
48,-1,
49,-1,
50,42,58,
51,-1,
52,-1,
53,45,61,
54,63,45,
55,-1,
56,-1,
57,-1,
58,50,66,
59,-1,
60,-1,
61,53,62,69,
62,61,63,
63,62,54,71,
64,72,65,
65,64,66,
66,65,58,74,
67,-1,
68,-1,
69,61,77,
70,-1,
71,63,79,
72,64,80,
73,-1,
74,66,82,83,
75,-1,
76,-1,
77,69,85,78,84,
78,77,79,
79,71,78,87,
80,72,88,
81,-1,
82,74,89,83,
83,74,82,84,
84,83,77,85,
85,84,77,93,
86,-1,
87,79,95,
88,80,89,
89,88,82,
90,-1,
91,-1,
92,-1,
93,85,94,
94,93,95,
95,94,87,
