12by8
0,8,1,
1,0,2,8,
2,1,11,
3,10,12,
4,5,12,
5,4,6,
6,5,15,
7,-1,
8,0,16,1,17,
9,16,18,
10,3,17,11,
11,2,10,
12,3,4,13,21,
13,12,21,
14,-1,
15,6,23,
16,8,9,
17,8,10,
18,9,27,
19,-1,
20,-1,
21,13,12,22,
22,21,30,
23,15,30,
24,32,25,
25,24,26,
26,25,34,27,
27,18,34,
28,-1,
29,-1,
30,22,23,37,38,
31,-1,
32,24,33,
33,32,41,
34,26,27,
35,-1,
36,-1,
37,30,38,44,45,
38,37,30,
39,46,47,
40,-1,
41,33,48,42,
42,41,43,
43,42,44,
44,37,51,45,
45,44,37,53,46,
46,45,39,
47,39,54,
48,41,49,
49,48,56,50,
50,49,51,57,58,59,
51,50,44,59,58,
52,-1,
53,45,61,
54,47,62,
55,-1,
56,49,64,
57,50,58,65,
58,57,65,67,51,59,50,
59,50,58,51,66,
60,-1,
61,53,68,
62,54,69,70,71,
63,-1,
64,56,65,
65,64,57,66,58,
66,65,59,
67,58,68,
68,67,61,
69,62,70,
70,69,62,
71,62,78,
72,80,81,
73,-1,
74,81,82,83,
75,-1,
76,83,77,
77,76,78,
78,77,71,
79,-1,
80,72,89,
81,72,74,
82,81,74,
83,74,90,76,92,
84,92,93,85,
85,84,92,94,86,
86,85,93,95,87,
87,86,94,95,
88,-1,
89,80,90,
90,89,83,
91,-1,
92,83,84,85,
93,84,86,94,
94,93,85,87,
95,86,87,
