12by8
0,8,1,
1,0,2,8,9,
2,1,10,3,
3,2,10,12,4,
4,3,5,12,
5,4,13,14,6,
6,5,14,7,
7,6,14,15,
8,1,16,
9,1,18,
10,2,3,
11,18,20,
12,3,19,21,
13,4,5,20,
14,5,13,6,7,15,21,
15,14,7,23,
16,8,24,25,
17,-1,
18,9,25,11,27,
19,12,28,
20,11,27,13,29,
21,12,28,14,30,29,
22,31,
23,15,30,
24,16,33,
25,16,32,18,
26,33,35,27,
27,18,26,20,
28,19,35,21,
29,21,20,
30,23,21,38,
31,22,39,
32,25,41,
33,24,26,42,
34,41,27,35,43,
35,34,26,28,
36,43,44,
37,45,44,
38,30,47,
39,31,46,
40,41,49,
41,34,48,42,32,
42,33,49,51,41,50,
43,34,50,36,51,
44,36,51,53,37,
45,37,53,54,46,
46,45,53,54,55,47,39,
47,46,38,54,55,
48,41,57,
49,40,56,42,58,
50,42,43,
51,42,43,44,58,60,
52,59,61,
53,44,45,46,54,61,
54,53,45,46,47,55,62,61,
55,54,47,46,62,63,
56,49,65,
57,48,64,
58,49,65,51,67,
59,52,68,
60,51,67,
61,52,53,54,62,69,70,
62,61,54,55,69,71,
63,55,70,
64,57,65,73,
65,56,58,
66,73,74,75,67,
67,66,58,60,75,
68,59,75,77,
69,61,62,76,77,78,
70,61,63,
71,62,79,
72,-1,
73,64,80,66,74,82,81,
74,66,75,73,81,82,
75,68,67,66,74,82,83,84,
76,68,69,77,
77,68,76,69,86,
78,69,85,
79,71,87,
80,73,88,
81,73,74,82,88,
82,81,73,74,75,89,
83,82,75,84,92,91,
84,75,91,83,92,93,
85,78,94,86,
86,77,85,93,79,
87,79,95,
88,80,81,89,
89,88,82,90,
90,89,91,
91,90,83,84,92,
92,91,83,84,
93,84,86,94,
94,93,95,85,
95,94,87,
